#Aquarius 0.0 1.0 0.0
165842 146585
146585 146362
146362 165321
165321 165375
146585 146044
146044 146107
146107 146181
146107 127520
146044 145862
145862 145991
145991 164861
145862 145457
145457 144810

#Taurus 0.0 1.0 0.0
77168 76721
76721 93954
93954 93897
93897 93868
77336 94027
94027 93957
93957 93868
93868 93719
93719 111696
111696 111579
93719 93469
93469 111195
111195 111172

#Aries 0.0 1.0 0.0
75899 75810
75810 75673
93328 75673
75673 75495
75495 75151
75596 75510
75510 75151
75151 75051
75151 75012
75012 92681
92681 92721

#Capricorn 0.0 1.0 0.0
164644 164560 
164560 164346
164346 164132
164132 163481
163481 163427
163481 189781
189781 190341
190341 164644

#Cancer 0.0 1.0 0.0
80416 80378
80378 80243
80243 97881
97881 98087
98087 80378
98087 98267
98087 116569

#Gemini 0.0 1.0 0.0
60198 60118
60118 59858
59858 59570
59858 78682
78682 78423
78682 78297
78297 78135
59858 79374
79374 79533
79533 79666
79533 79653
79533 79294
79294 79031
79031 95912
79031 96074

#Leo 0.0 1.0 0.0
99809 99512
99512 99587
99587 118804
99512 98967
98967 98709
99809 81727
81727 81298
81298 98955
98955 98967
81298 81265
81265 81064
81064 81004
81004 80885
80885 80807

#Virgo 0.0 1.0 0.0
158427 157923
157923 139189
139189 138917
120238 139420
139420 119674
119674 100384
119674 138917
138917 138721
138721 119076
119076 119035
119035 119213
119213 119674

#Libra 0.0 1.0 0.0
159607 159563
159563 159466
159466 159370
159370 140430
183649 183619
183619 183139
183139 158840
158840 140430
140430 183139

#Scorpius 0.0 1.0 0.0
208954 209163
208896 209163
209163 228420
228420 228201
228201 227707
227707 227402
227402 208078
208078 184481
184481 184415
184415 184336
184336 183987
183957 183987
183987 184014
184014 159682
159682 159764
159764 159665
184336 159682

#Sagittatius 0.0 1.0 0.0
229646 229927
229659 229927
229927 211716
211716 211717
211717 188844
188844 188337
188337 187683
187683 187600
187600 187239
187239 187448
187448 187683
187448 187643
187643 187756
187756 162512
187239 186681
186681 209696
187504 186841
186841 186681
186681 210091
210091 209957

#Pisces 0.0 1.0 0.0
54374 74546
74546 74637
74637 74571
74571 92484
92484 110110
110110 110291
110291 109926
109926 109739
109739 109627
109627 109474
109474 128513
128513 128310
128310 128196
128196 128085
128085 127934

#Orion 1.0 0.0 0.0
77911 95362
77705 95259
95259 95362
95362 113389
113389 113271
113271 112921
112921 112740
112740 132220
132220 131907
131907 132542
132542 132444
132444 113271
112740 94201
94201 112124
112124 112106
112106 112142
112142 112197
112197 112281

#Ursa_Major 0.0 0.0 1.0
44752 28737
28737 28553
28553 28315
28315 28179
28179 43886
43886 43629
43629 43268
28315 15384
15384 27876
27876 28179
15384 14908
27876 27401
14616 14573
14573 14908
14908 27401
27401 27408
27408 27289
27289 42603

#Crux 1.0 1.0 1.0
240019 251904
240259 239791

#Horologium 1.0 1.0 1.0
248701 232981
232981 248701
232981 232857
232857 232835
232835 232864
232864 216710

#Eridanus 1.0 1.0 1.0
131824 131794
131794 131568
131568 131468
131468 131346
131346 131176
131176 131019
131019 149283
149283 130686
130686 130564
130564 130387
130387 130197
130197 148584
148584 168094
168094 168249
168249 168452
168452 168634
168634 168827
168827 168925
168925 169570
169570 195148
195163 194984
194984 194902
194902 194559
194559 194551
194551 216405
216405 216263
216263 216113
216113 215999
215999 215996
215996 215906
215906 232696
232696 232573
232573 232481

#Cygnus 1.0 1.0 1.0
49941 49528
49528 70474
70474 71070
71070 89940
49528 48796
48796 31815
31815 31702
31702 31537
49528 69116
69116 68943
68943 87462
87462 87301

#Corona_Australis 1.0 1.0 1.0
210781 210928
210928 210990
210990 211005
211005 229513
229513 229461

#Cetus 1.0 1.0 1.0
148059 147986
147986 167416
148059 148385
148385 148528
148385 148575
148385 148445
148059 129274
129274 147632
147632 128694
128694 147420
147420 147632
148059 129825
129825 110665
110665 110707
110707 110920
110920 110889
110889 110723
110723 110543
110543 110635
110635 110707

#Camelopardalis 1.0 1.0 1.0
2102 1714
1714 1179
1179 5496
5496 5006
5006 24054
6392 5919
5919 5455
5455 13298
13298 13351
13351 24929
5919 13986
13986 13973
13973 25447

#Ara 1.0 1.0 1.0
253945 244726
244726 244725
244725 228069
228069 244734
244734 244331
244331 244315
244315 244168
244315 244726

#Andromeda 1.0 1.0 1.0
73765 54058
54058 74164
74164 74267
54058 54471
54471 37362
37362 37734
73765 54033
54033 54281
54281 37155
73765 53798
53798 53777
53777 36699
53777 53264
53264 52609

#Volanis 1.0 1.0 1.0
256438 256374
256374 249809
249809 250128
250128 256438
250128 250228
250228 250422

#Tucana 1.0 1.0 1.0
248201 248163
248163 255619
255619 247814
247814 248201
247814 255193
255193 255222

#Sextans 1.0 1.0 1.0
137608 137366
137366 137199

#Piscis_Austrinis 1.0 1.0 1.0
191524 214189
214189 214153
214153 213883
213883 213576
213576 213258
213258 213292
213292 190822
190822 190985
190985 191318
191318 191524

#Pegasus 1.0 1.0 1.0
90981 108378
108378 108103
108103 127340
127340 127029
127029 107365
107365 107073
107073 89752
89752 72077
72077 90734
90734 90981
90981 73743
73743 91781
91781 108378

#Norma 1.0 1.0 1.0
226773 226619
226619 226466

#Lyra 1.0 1.0 1.0
67174 66869
67174 67321
67321 67559
67559 68065
68065 68010
67174 67310
67310 47919
67321 67451
67663 67559

#Leo_Minor 1.0 1.0 1.0
62297 62053
62053 61874

#Hydra 1.0 1.0 1.0
182244 181543
181543 202901
202901 202558
202558 179514
179514 156122
156122 155980
155980 155785
155785 155542
155542 155388
155388 136871
136871 137035
137035 117527
117527 117264
117264 117112
117112 116965
116965 116988
116988 117050
117050 117264

#Formax 1.0 1.0 1.0
168373 193931
167532 193931

#Delphinus 1.0 1.0 1.0
106476 106357
106357 106316
106316 106425
106425 106476
106316 106230

#Corona_Borealis 1.0 1.0 1.0
84152 84098
84098 84019
84019 83958
83958 83893
83893 83831
83831 64769

#Chamaeleon 1.0 1.0 1.0
256496 256731
256731 256924
256924 258581
258581 256496

#Carina 1.0 1.0 1.0
236808 235932
235932 235635
236808 250940
250940 250885
250885 250495
250495 234735
250495 250611

#Antlia 1.0 1.0 1.0
201927 201405
201405 177908
177908 200163

#Triangulum_Australe 1.0 1.0 1.0
253700 253346
253346 253097
253097 253700

#Serpens 1.0 1.0 1.0
124068 142241
142241 160747
160747 160700
160700 160479
140787 121218
121218 121157
121157 101623
101623 101725
101725 101752
101752 101826
101826 101725

#Sagitta 1.0 1.0 1.0
105500 105259
105259 105120
105259 105133

#Pavo 1.0 1.0 1.0
254862 257757
257757 257620
257620 254020
254020 254147
254147 254226
254226 254393
254393 254733
254733 254862
254862 246574
254999 254862

#Musca 1.0 1.0 1.0
257000 251974
251974 252019
251974 256955
251974 251830
251830 251575

#Lynx 1.0 1.0 1.0
61414 61391
61391 42642
42642 42319
42319 41764
41764 26051
26051 25665

#Vela 1.0 1.0 1.0
236232 236891
236891 237522
237522 222321
222321 221234
221234 220878
220878 219504
219504 236232

#Traingulum 1.0 1.0 1.0
74996 75578
75578 55306
55306 74996

#Scutum 1.0 1.0 1.0
161520 142408
142408 142618
142408 142267

#Reticulum 1.0 1.0 1.0
233463 248969
248969 248877
248877 248918
248918 233463

#Pictor 1.0 1.0 1.0
234134 234154
234154 249647

#Monocerus 1.0 1.0 1.0
135551 134986
134986 134330
134330 133316
133316 133012
133012 113810
113810 114258

#Lupus 1.0 1.0 1.0
225335 225128
225128 242304
225335 225691
225691 206552
206552 207040
242304 225638
225638 225712
225712 225938
225938 207208
207208 207332

#Lacerta 1.0 1.0 1.0
52079 51904
51904 52055
52055 51970
51970 34542
34542 34395

#Hercules 1.0 1.0 1.0
65890 65504
65504 65485
65485 65716
65716 65890
65485 84411
84411 102107
102107 84411
84411 102680
65890 66001
66001 66485
66485 46872
65504 46161
46161 46028
46028 45911
65716 84951
84951 85163
85163 85397
85397 85590
85590 85750
85750 86003
86003 85769
86003 86406
86406 104093

#Equuleus 1.0 1.0 1.0
126593 126643
126643 126719
126719 126662

#Coma_Berenices 1.0 1.0 1.0
82706 82313
82706 100443

#Cepheus 1.0 1.0 1.0
34508 34227
34227 34137
34137 20268
20268 10818
10818 10057
10057 20268
10057 19302
19302 34137
19302 19019
19019 18897

#Canis_Minor 1.0 1.0 1.0
115756 115456

#Caelum 1.0 1.0 1.0
195300 195239
195239 216926
216926 216850

#Aquila 1.0 1.0 1.0
124603 125159
125159 143597
143597 143021
143021 104461
104461 124603
124603 125122

#Ursa_Minor 1.0 1.0 1.0
308 873
691 873
691 4875
4875 4953
4953 4694
4694 4599
4599 4875

#Telescopium 1.0 1.0 1.0
229751 246443
246271 246443
229023 245921
245921 246055
246055 246271

#Sculptor 1.0 1.0 1.0
192167 192294
192167 214444
214444 214615
192167 166716
166716 193263
192294 192545

#Pyxis 1.0 1.0 1.0
176559 199546
199546 199490

#Phoenix 1.0 1.0 1.0
215536 215516
215516 215365
215365 215093
215093 214983
214983 232162
232162 232306
232306 215365
214983 231675
231675 248018
248087 248018

#Ophiuchus 1.0 1.0 1.0
121962 141052
141052 141086
141086 160006
160006 160332
160332 122671
122671 122754
122671 102932
102932 121962
185412 185198
185198 185320
185320 185401
185401 185296
185296 160332

#Microscopium 1.0 1.0 1.0
230644 212874
212874 212636
212636 212472

#Indus 1.0 1.0 1.0
246784 246965
246965 230300
246965 247244

#Grus 1.0 1.0 1.0
230992 231258
231258 231468
231258 247593
247593 247680
231258 231154
231154 231055
231055 213543
213543 213374

#Draco 1.0 1.0 1.0
30653 30429
30429 30450
30450 30631
30631 30653
30631 18222
18222 9540
9540 9087
9087 8890
8890 17365
17074 17365
17074 29765
29765 29520
29520 16273
16273 7593
7593 15532

#Crater 1.0 1.0 1.0
156869 156661
156661 179624
179624 156375
156375 156605
156605 156661
156605 156658
156658 138296
156988 156869

#Columba 1.0 1.0 1.0
217650 196240
196240 195924
195924 195721
195721 195770
195770 196059
196059 196149
196149 170561
196330 170561
196330 196276
196276 196643
196643 196352
217650 196352
196735 196643
196643 196514

#Centaurus 1.0 1.0 1.0
252838 241047
241047 252582
223603 241047
223603 223454
223454 239689
239689 239737
239737 238986
251472 238986
241047 224538
224538 224469
224469 203907
203907 223603
224469 205188
205188 205453
205453 225044
225044 225344
205188 204875
204875 204545
204545 204371

#Canis_Major 1.0 1.0 1.0
151428 151881
196698 172676
172676 197258
197258 196857
172676 173047
173047 173282
173282 173651
173282 173446
173047 172839
172839 151881

#Bootes 1.0 1.0 1.0
100944 100766
100766 100706
100706 100725
100944 101138
101138 101145
100944 83500
83500 64589
64589 45337
45337 64203
64203 64202
64202 100944
64589 64686
64203 44965
44965 29071
29071 29137

#Vulpecula 1.0 1.0 1.0
88428 88071
88071 87883
87883 87261
87261 87010

#Puppis 1.0 1.0 1.0
218324 218071
218071 197795
197795 174058
174058 174198
174198 174433
174433 174852
174852 175217
218324 218546
218546 218755
218755 219082
219082 198752
219018 198752
219111 219018

#Perseus 1.0 1.0 1.0
39053 38787
38787 23789
23789 23655
23655 23685
23685 38597
38597 38609
38609 38592
38592 56138
39053 39078
39078 56840
56840 56856
56856 56799

#Octans 1.0 1.0 1.0
258693 257948
257948 258941
258693 258941

#Mensa 1.0 1.0 1.0
256274 256201
256201 256145
256145 256154

#Lepus 1.0 1.0 1.0
170051 170457
170457 170759
170759 170926
170926 150547
150547 170457
150547 150237
150237 150340
150340 150239
150547 150801
150801 150957
150957 151110

#Hydrus 1.0 1.0 1.0
248474 248460
248460 248545
248545 248621
248621 255670
256029 255670

#Dorado 1.0 1.0 1.0
249368 249346
249346 249311
249311 249390
249311 233822
233822 233564
233564 233457

#Corvus 1.0 1.0 1.0
180505 180531
180531 180915
180915 157323
157323 157176
157176 180531

#Circinus 1.0 1.0 1.0
252853 252965
252965 242384
242463 253084
253084 252853

#Cassiopeia 1.0 1.0 1.0
21133 21609
21609 11482
11482 22268
22268 12031

#Canes_Venatici 1.0 1.0 1.0
63257 44230

#Auriga 1.0 1.0 1.0
40186 25502
25502 40750
40750 58636
58636 78143
58636 57522
57522 57548
57548 40026
40026 40186
77168 57522
41380 41330
41330 41239
41330 41288
41288 41346
41288 41076
41380 58636

#Apus 1.0 1.0 1.0
257424 257407
257407 257380
257380 257193